10 60 40 140 170 50 207 474
10 60 40 140 170 50 563 80
10 60 40 140 170 50 345 254
10 60 40 140 170 50 248 93
10 60 40 140 170 50 231 154
10 60 40 140 170 50 160 174
10 60 40 140 170 50 210 454
10 60 40 140 170 50 94 386
10 60 40 140 170 50 283 121
10 60 40 140 170 50 95 234
10 60 40 140 170 50 603 109
10 60 40 140 170 50 462 119
10 60 40 140 170 50 354 473
10 60 40 140 170 50 149 65
10 60 40 140 170 50 46 301
10 60 40 140 170 50 625 445
10 60 40 140 170 50 295 101
10 60 40 140 170 50 398 193
10 60 40 140 170 50 355 166
10 60 40 140 170 50 638 298
10 60 40 140 170 50 192 190
10 60 40 140 170 50 632 434
10 60 40 140 170 50 5 406
10 60 40 140 170 50 180 320
10 60 40 140 170 50 239 307
180 130 100 120 130 190 74 363
180 130 100 120 130 190 257 216
180 130 100 120 130 190 322 3
180 130 100 120 130 190 82 152
180 130 100 120 130 190 69 0
180 130 100 120 130 190 133 86
180 130 100 120 130 190 125 140
180 130 100 120 130 190 347 235
180 130 100 120 130 190 45 414
180 130 100 120 130 190 401 363
180 130 100 120 130 190 392 465
180 130 100 120 130 190 74 224
180 130 100 120 130 190 100 111
180 130 100 120 130 190 342 152
180 130 100 120 130 190 111 422
180 130 100 120 130 190 300 377
180 130 100 120 130 190 17 269
180 130 100 120 130 190 466 179
180 130 100 120 130 190 144 68
180 130 100 120 130 190 43 213
180 130 100 120 130 190 548 48
180 130 100 120 130 190 12 385
180 130 100 120 130 190 221 359
180 130 100 120 130 190 301 266
180 130 100 120 130 190 294 414
90 190 50 160 40 210 182 398
90 190 50 160 40 210 272 448
90 190 50 160 40 210 303 84
90 190 50 160 40 210 79 37
90 190 50 160 40 210 396 382
90 190 50 160 40 210 459 88
90 190 50 160 40 210 119 28
90 190 50 160 40 210 229 265
90 190 50 160 40 210 48 374
90 190 50 160 40 210 365 283
90 190 50 160 40 210 459 273
90 190 50 160 40 210 12 151
90 190 50 160 40 210 51 393
90 190 50 160 40 210 63 64
90 190 50 160 40 210 371 69
90 190 50 160 40 210 30 73
90 190 50 160 40 210 147 142
90 190 50 160 40 210 41 130
90 190 50 160 40 210 546 120
90 190 50 160 40 210 200 335
90 190 50 160 40 210 182 371
90 190 50 160 40 210 103 174
90 190 50 160 40 210 240 45
90 190 50 160 40 210 119 128
90 190 50 160 40 210 451 165
180 190 150 180 160 210 251 270
180 190 150 180 160 210 630 135
180 190 150 180 160 210 614 233
180 190 150 180 160 210 240 69
180 190 150 180 160 210 9 452
180 190 150 180 160 210 138 40
180 190 150 180 160 210 525 125
180 190 150 180 160 210 214 439
180 190 150 180 160 210 608 153
180 190 150 180 160 210 431 168
180 190 150 180 160 210 168 326
180 190 150 180 160 210 59 303
180 190 150 180 160 210 20 459
180 190 150 180 160 210 220 331
180 190 150 180 160 210 459 31
180 190 150 180 160 210 368 263
180 190 150 180 160 210 174 71
180 190 150 180 160 210 78 340
180 190 150 180 160 210 16 191
180 190 150 180 160 210 569 346
180 190 150 180 160 210 163 67
180 190 150 180 160 210 66 80
180 190 150 180 160 210 224 312
180 190 150 180 160 210 231 192
180 190 150 180 160 210 145 343
130 220 100 220 100 250 232 345
130 220 100 220 100 250 381 292
130 220 100 220 100 250 201 81
130 220 100 220 100 250 463 261
130 220 100 220 100 250 284 123
130 220 100 220 100 250 325 45
130 220 100 220 100 250 98 339
130 220 100 220 100 250 116 48
130 220 100 220 100 250 519 292
130 220 100 220 100 250 239 0
130 220 100 220 100 250 158 402
130 220 100 220 100 250 387 416
130 220 100 220 100 250 195 131
130 220 100 220 100 250 121 266
130 220 100 220 100 250 36 458
130 220 100 220 100 250 449 428
130 220 100 220 100 250 196 190
130 220 100 220 100 250 432 237
130 220 100 220 100 250 463 256
130 220 100 220 100 250 50 300
130 220 100 220 100 250 411 407
130 220 100 220 100 250 505 29
130 220 100 220 100 250 106 461
130 220 100 220 100 250 557 337
130 220 100 220 100 250 625 317
60 250 20 230 10 250 177 176
60 250 20 230 10 250 431 276
60 250 20 230 10 250 624 466
60 250 20 230 10 250 280 105
60 250 20 230 10 250 413 476
60 250 20 230 10 250 244 254
60 250 20 230 10 250 584 280
60 250 20 230 10 250 157 57
60 250 20 230 10 250 69 460
60 250 20 230 10 250 505 151
60 250 20 230 10 250 600 436
60 250 20 230 10 250 239 145
60 250 20 230 10 250 17 217
60 250 20 230 10 250 318 286
60 250 20 230 10 250 75 16
60 250 20 230 10 250 475 284
60 250 20 230 10 250 192 107
60 250 20 230 10 250 561 176
60 250 20 230 10 250 125 361
60 250 20 230 10 250 282 90
60 250 20 230 10 250 389 238
60 250 20 230 10 250 505 45
60 250 20 230 10 250 198 182
60 250 20 230 10 250 454 299
60 250 20 230 10 250 514 159
